0.0503829
0.0385153
0.0258356
0.0453671
0.038783
0.0323101
0.0428852
0.0524683
0.0585679
0.0315895
0.0333084
0.0365969
0.039038
0.0324944
0.0319592
0.0422578
0.0355269
0.0434424
0.0268064
0.0402928
0.0352418
0.0288691
0.0387926
0.0396933
0.0384416
0.0447054
0.037717
0.028658
0.0310541
0.0273667
0.0334033
0.0468026
0.0400189
0.0472179
0.0341158
0.0373136
0.0329704
0.0316952
0.0361778
0.0316521
0.0413764
0.0280727
0.0437917
0.0401332
0.0312539
0.0409752
0.0274763
0.0363723
0.0422953
0.0289049
0.0309202
0.025808
