0.0629924
0.0437657
0.0403284
0.0402066
0.0442063
0.0510158
0.0373078
0.0408445
0.0378114
0.037484
0.0492899
0.0314733
0.036371
0.0417533
0.051836
0.0606606
0.0376192
0.0371637
0.0374412
0.0389399
0.0307332
0.0363824
0.0295782
0.0298919
0.0467259
0.03677
0.0288738
0.0428293
0.0377809
0.0505536
0.0406679
0.0346819
0.0371375
0.0380169
0.0529336
0.0660311
0.0418024
0.0363953
0.0354411
0.0364969
0.0389243
0.0425891
0.0494814
0.0379382
0.037178
0.0481871
0.0492126
0.0560886
0.030664
0.0320517
0.0412693
0.0343712
